1 56 34 987 23 45 789 432 23 4 7 34 23 1 76 45 3 87 66 567 4 6 89 76 345 8 23 543 123 67 87
5678 45 67 34 2 56 43 67 98 567 456 43 46 6786 43 234 45 56 76 34 54 23 5 75 47 782 76 48
2 16 45 65 383 64 87 263 8 7 16 248 72 65 874 65 7 8 26 48 763 48 235 846 58 43 76 578 46
7 86 578 26 57 8 46 54 8 7 568 57 69 4 56 36 597 19 28 7 41 350 4 69 5 57 72 65 874 65 7 8
1 56 34 987 23 45 789 432 23 4 7 34 23 1 76 45 3 87 66 567 4 6 89 76 345 8 23 543 123 67 87
5678 45 67 34 2 56 43 67 98 567 456 43 46 6786 43 234 45 56 76 34 54 23 5 75 47 782 76 48
2 16 45 65 383 64 87 263 8 7 16 248 72 65 874 65 7 8 26 48 763 48 235 846 58 43 76 578 46
7 86 578 26 57 8 46 54 8 7 568 57 69 4 56 36 597 19 28 7 41 350 4 69 5 575 75 47 782 76 48
5678 45 67 34 2 56 43 67 98 567 456 43 46 6786 43 234 45 56 76 34 54 23 5 75 47 782 76 48
2 16 45 65 383 64 87 263 8 7 16 248 72 65 874 65 7 8 26 48 763 48 235 846 58 43 76 578 46
7 86 578 26 57 8 46 54 8 7 568 57 69 4 56 36 597 19 28 7 41 350 4 69 5 57 72 65 874 65 7 8
1 56 34 987 23 45 789 432 23 4 7 34 23 1 76 45 3 87 66 567 4 6 89 76 345 8 23 543 123 67 87
2 16 45 65 383 64 87 263 8 7 16 248 72 65 874 65 7 8 26 48 763 48 235 846 58 43 76 578 46
7 86 578 26 57 8 46 54 8 7 568 57 69 4 56 36 597 19 28 7 41 350 4 69 5 575 75 47 782 76 48
5678 45 67 34 2 56 43 67 98 567 456 43 46 6786 43 234 45 56 76 34 54 23 5 75 47 782 76 48
2 16 45 65 383 64 87 263 8 7 16 248 72 65 874 65 7 8 26 48 763 48 235 846 58 43 76 578 46
2 16 45 65 383 64 87 263 8 7 16 248 72 65 874 65 7 8 26 48 763 48 235 846 58 43 76 578 46
7 86 578 26 57 8 46 54 8 7 568 57 69 4 56 36 597 19 28 7 41 350 4 69 5 57 72 65 874 65 7 8
1 56 34 987 23 45 789 432 23 4 7 34 23 1 76 45 3 87 66 567 4 6 89 76 345 8 23 543 123 67 87
2 16 45 65 383 64 87 263 8 7 16 248 72 65 874 65 7 8 26 48 763 48 235 846 58 43 76 578 46
7 86 578 26 57 8 46 54 8 7 568 57 69 4 56 36 597 19 28 7 41 350 4 69 5 575 75 47 782 76 48
5678 45 67 34 2 56 43 67 98 567 456 43 46 6786 43 234 45 56 76 34 54 23 5 75 47 782 76 48
2 16 45 65 383 64 87 263 8 7 16 248 72 65 874 65 7 8 26 48 763 48 235 846 58 43 76 578 46
1 56 34 987 23 45 789 432 23 4 7 34 23 1 76 45 3 87 66 567 4 6 89 76 345 8 23 543 123 67 87
5678 45 67 34 2 56 43 67 98 567 456 43 46 6786 43 234 45 56 76 34 54 23 5 75 47 782 76 48
2 16 45 65 383 64 87 263 8 7 16 248 72 65 874 65 7 8 26 48 763 48 235 846 58 43 76 578 46
7 86 578 26 57 8 46 54 8 7 568 57 69 4 56 36 597 19 28 7 41 350 4 69 5 57 72 65 874 65 7 8
1 56 34 987 23 45 789 432 23 4 7 34 23 1 76 45 3 87 66 567 4 6 89 76 345 8 23 543 123 67 87
5678 45 67 34 2 56 43 67 98 567 456 43 46 6786 43 234 45 56 76 34 54 23 5 75 47 782 76 48
2 16 45 65 383 64 87 263 8 7 16 248 72 65 874 65 7 8 26 48 763 48 235 846 58 43 76 578 46
7 86 578 26 57 8 46 54 8 7 568 57 69 4 56 36 597 19 28 7 41 350 4 69 5 575 75 47 782 76 48
5678 45 67 34 2 56 43 67 98 567 456 43 46 6786 43 234 45 56 76 34 54 23 5 75 47 782 76 48
2 16 45 65 383 64 87 263 8 7 16 248 72 65 874 65 7 8 26 48 763 48 235 846 58 43 76 578 46
7 86 578 26 57 8 46 54 8 7 568 57 69 4 56 36 597 19 28 7 41 350 4 69 5 57 72 65 874 65 7 8
1 56 34 987 23 45 789 432 23 4 7 34 23 1 76 45 3 87 66 567 4 6 89 76 345 8 23 543 123 67 87
2 16 45 65 383 64 87 263 8 7 16 248 72 65 874 65 7 8 26 48 763 48 235 846 58 43 76 578 46
7 86 578 26 57 8 46 54 8 7 568 57 69 4 56 36 597 19 28 7 41 350 4 69 5 575 75 47 782 76 48
5678 45 67 34 2 56 43 67 98 567 456 43 46 6786 43 234 45 56 76 34 54 23 5 75 47 782 76 48
2 16 45 65 383 64 87 263 8 7 16 248 72 65 874 65 7 8 26 48 763 48 235 846 58 43 76 578 46
2 16 45 65 383 64 87 263 8 7 16 248 72 65 874 65 7 8 26 48 763 48 235 846 58 43 76 578 46
7 86 578 26 57 8 46 54 8 7 568 57 69 4 56 36 597 19 28 7 41 350 4 69 5 57 72 65 874 65 7 8
1 56 34 987 23 45 789 432 23 4 7 34 23 1 76 45 3 87 66 567 4 6 89 76 345 8 23 543 123 67 87
2 16 45 65 383 64 87 263 8 7 16 248 72 65 874 65 7 8 26 48 763 48 235 846 58 43 76 578 46
7 86 578 26 57 8 46 54 8 7 568 57 69 4 56 36 597 19 28 7 41 350 4 69 5 575 75 47 782 76 48
5678 45 67 34 2 56 43 67 98 567 456 43 46 6786 43 234 45 56 76 34 54 23 5 75 47 782 76 48
2 16 45 65 383 64 87 263 8 7 16 248 72 65 874 65 7 8 26 48 763 48 235 846 58 43 76 578 46